100206
100307
100408
100610
101006
101107
101309
101410
101915
102008
102109
102311
102513
102614
102715
102816
103010
103111
103212
103414
103515
103818
104012
104416
104820
105014
105115
105216
105620
105923
106016
106319
106521
106824
107018
107220
107321
107422
107725
108020
108121
108222
108323
108525
108828
109123
109325
109830
110007
110411
110613
111009
111211
111312
111413
111514
111716
112112
112314
112516
112819
112920
113215
113316
113417
113619
113821
113922
114116
114217
114318
114419
114621
114823
114924
115017
115219
115320
115724
115825
116120
116221
116423
116524
116726
117021
117122
117324
117728
117930
118023
118124
118225
118528
118730
118831
118932
119025
119126
119732
119833
120010
120111
120212
120414
120515
120717
121315
121416
121618
121719
121921
122317
122418
122620
122822
123117
123420
123824
123925
124220
124422
124624
124826
125222
125424
125525
126325
126426
126628
126931
127226
127327
127630
127731
127832
127933
128127
128329
128632
128935
129028
129129
129331
129432
129533
129634
129937
130013
130114
130316
130417
130518
130619
130720
130821
130922
131217
131419
131621
131722
131823
131924
132118
133019
133625
133827
133928
134021
134223
134324
134425
134728
134829
135124
135225
135528
135629
135730
135932
136126
136227
136631
136732
136833
137027
137128
137229
137431
137532
137633
137936
138130
138231
138332
138534
138837
139233
139435
139637
139839
140117
140319
140420
140824
140925
141119
141422
141826
142424
142828
143224
143325
143426
143527
143830
144125
144226
144428
144731
144832
144933
145127
145531
146129
146331
146432
146533
146634
146735
146836
146937
147030
147636
147737
148032
148335
148436
148840
148941
149236
149539
149741
149842
150019
150423
150524
150625
150726
150928
151021
151223
151324
151425
151526
151627
151728
151829
151930
152225
152427
152831
153126
153227
153429
153631
153732
153833
154229
154330
154431
154532
154734
154835
154936
155231
155635
155938
156031
156233
156334
156435
156536
156637
157336
157942
158035
158136
158338
158843
159138
159239
159340
159441
159744
159845
159946
160123
160729
160830
160931
161327
161630
161731
161832
162026
162228
162329
162733
162935
163129
163331
163432
163836
164030
164131
164636
164939
165032
165234
165436
165638
165840
165941
166438
166640
167036
167238
167440
167743
168038
168139
168240
168341
168745
168947
169040
169141
169343
169444
169545
169747
169949
170631
170934
171128
171330
171431
171532
171633
171734
172029
172130
172332
172433
172534
172635
172938
173132
173233
173334
173435
173536
173637
173738
173839
173940
174437
174841
175035
175136
175237
175338
175439
175540
175742
176037
176239
176441
176744
176845
177140
177241
177342
177645
177746
180533
188549
195849
196851
197651
199958
200008
200109
200210
200311
200513
200614
200917
201111
201414
201515
201717
201818
202113
202719
202820
203418
203721
203923
204016
204218
204319
204420
204521
204622
205119
205220
205725
205826
206222
206323
206525
206727
206828
206929
207123
207426
207628
208024
208125
208226
208327
208428
208630
209127
209228
209329
209531
209834
209935
210011
210415
210617
211114
211215
211316
211417
211619
211720
211821
211922
212015
212116
212318
212419
212823
213017
213421
213522
214019
214221
214423
214625
214726
217126
217429
219231
220721
221218
223929
224022
227432
227533
228434
231928
233326
236130
237334
238033
239136
245333
248238
248339
249947
250427
250932
251833
255639
255740
256540
257542
257845
257946
263436
268850
270332
275645
280739
281135
283543
284646
285345
285446
286347
286650
289555
290136
293748
295146
297655
298051
298455
299154
299760
300618
300719
303624
304020
304727
307127
308129
308331
309636
310621
311320
314225
316633
316835
317332
318637
320826
321323
322224
325129
329440
329844
330324
333330
334635
336841
339847
341834
342129
346137
346945
348545
349244
350330
351938
352132
352738
353740
355239
355542
356948
358144
360030
361234
361941
362034
365343
366042
366446
368551
368753
371843
376247
377451
378857
379657
380036
381038
381543
382242
385046
385450
386250
387959
389357
390645
391748
392447
392750
393550
394956
395251
395756
395958
397154
397760
397861
401422
406432
406836
412528
413934
414229
415837
419239
422632
424939
429040
432332
433839
436239
436845
441939
445543
448347
449753
453441
453542
454140
456346
459453
461743
462139
463040
465852
467351
468050
469961
473952
475855
479762
480141
481042
481951
485757
486759
492754
513736
521331
531536
552241
558960
559053
559457
561242
561444
561949
562345
562446
565452
566454
567052
567759
567961
568963
569965
570243
571144
571548
572045
573249
573451
576255
578057
578158
579665
579867
580044
580347
580650
580751
581349
581450
583858
584355
585256
585862
586460
587664
588565
589567
590047
592455
594156
597869
598568
599065
599469
599671
601127
604537
609143
611231
611938
613235
613538
614439
615441
615744
616645
617748
618952
620434
622236
623137
623844
626648
627549
627852
628248
633847
634748
635245
638049
644044
644246
645450
645551
647858
650746
654350
654552
654754
656253
656657
657659
660951
662551
663755
664757
665254
667056
668361
671855
672756
673455
675661
677766
677968
679568
679770
680250
680452
680957
683256
685058
686969
687163
688569
689470
690152
692964
693461
693764
694362
695768
698168
700634
701535
702133
704238
705341
706040
707749
709551
713239
715041
715647
715950
720337
723141
724446
725751
727553
727654
728454
729254
729557
731140
732243
733548
734045
734247
735148
737960
742549
744553
745555
748258
748662
749058
749361
751348
751550
753150
753251
756055
757764
759869
760551
761957
763557
765056
765864
766563
767464
769064
770352
771354
773257
774663
779370
782157
782561
783462
784565
786569
788674
788876
789373
792564
792766
792867
793465
800941
802844
803240
804646
809252
810439
810843
812746
814548
814649
815247
816653
818455
818859
820745
822244
825048
825553
826454
837560
856463
867468
870861
871762
878877
882161
887373
899885
908860
919966
930449
937160
947668
959574
979984